471.000000 744.000000 453.000000
470.888885 745.000000 452.111084
470.666656 746.000000 451.333313
470.222198 747.000000 450.666687
469.777802 748.000000 449.888916
469.333344 748.888916 449.000000
469.111115 749.555603 448.000000
469.000000 749.777832 447.000000
469.111115 749.666687 446.000000
469.333344 749.222229 445.000000
469.666656 748.666687 444.111084
469.888885 747.888916 443.444458
470.000000 747.000000 443.111084
469.888885 746.000000 443.111084
469.666656 745.000000 443.333313
469.222198 744.000000 443.777771
468.777802 743.000000 444.333313
468.222198 742.111084 445.111084
467.666656 741.444397 446.000000
466.888885 741.222168 447.000000
466.111115 741.222168 448.000000
465.333344 741.444397 449.000000
464.666656 741.666687 449.888916
464.000000 742.222229 450.555542
463.333344 743.000000 451.000000
462.777802 744.000000 451.333313
462.222198 745.000000 451.555542
461.777802 746.000000 451.555542
461.333344 747.000000 451.333313
461.111115 748.000000 451.111084
461.000000 749.000000 450.888916
461.000000 750.000000 450.555542
461.000000 751.000000 449.888916
461.000000 752.000000 449.000000
461.000000 752.888916 448.000000
461.111115 753.666687 447.000000
461.333344 754.222229 446.000000
461.666656 754.666687 445.000000
461.888885 754.888916 444.000000
462.000000 755.000000 443.000000
462.000000 755.000000 442.000000
462.111115 755.000000 441.000000
462.333344 754.888916 440.000000
462.666656 754.555603 439.000000
462.888885 753.888916 438.000000
463.000000 753.000000 437.111084
463.000000 752.000000 436.333313
463.000000 751.000000 435.777771
463.000000 750.000000 435.222229
463.111115 749.000000 434.666687
463.333344 748.000000 434.000000
463.666656 747.000000 433.444458
463.888885 746.000000 433.111084
463.888885 745.000000 433.111084
463.666656 744.000000 433.333313
463.333344 743.000000 433.666687
463.111115 742.000000 434.000000
463.000000 741.000000 434.333313
463.000000 740.000000 434.666687
463.000000 739.000000 435.000000
463.000000 738.000000 435.333313
463.000000 737.000000 435.777771
463.000000 736.000000 436.333313
462.888885 735.111084 437.111084
462.666656 734.333313 438.000000
462.333344 733.666687 439.000000
462.000000 733.111145 440.000000
461.666656 732.666687 441.000000
461.333344 732.333313 442.000000
461.000000 732.000000 443.000000
460.666656 731.777832 444.000000
460.222198 731.888916 445.000000
459.777802 732.111084 446.000000
459.222198 732.444397 447.000000
458.777802 732.555603 448.000000
458.222198 732.888916 449.000000
457.777802 733.222229 450.000000
457.222198 733.777771 451.000000
456.777802 734.333313 451.888916
456.222198 735.111084 452.666687
455.777802 735.777771 453.333313
455.222198 736.333313 454.111084
454.777802 736.666687 454.888916
454.333344 737.222229 455.555542
454.000000 738.000000 456.000000
453.666656 739.000000 456.333313
453.222198 740.000000 456.777771
452.777802 741.000000 457.222229
452.333344 742.000000 457.666687
452.000000 743.000000 458.000000
451.666656 744.000000 458.333313
451.333344 745.000000 458.555542
451.111115 746.000000 458.555542
451.000000 747.000000 458.333313
451.000000 748.000000 458.111084
451.000000 749.000000 457.888916
451.000000 750.000000 457.666687
451.000000 751.000000 457.333313
451.000000 752.000000 457.111084
451.000000 753.000000 457.000000
451.000000 754.000000 456.888916
451.000000 755.000000 456.666687
451.000000 756.000000 456.333313
451.111115 757.000000 456.000000
451.333344 758.000000 455.555542
451.666656 759.000000 455.000000
451.888885 760.000000 454.444458
452.000000 761.000000 454.000000
452.111115 762.000000 453.555542
452.333344 763.000000 453.000000
452.666656 764.000000 452.333313
452.888885 765.000000 451.777771
453.111115 766.000000 451.222229
453.333344 767.000000 450.666687
453.666656 768.000000 449.888916
453.888885 768.888916 449.000000
454.000000 769.666687 448.000000
454.000000 770.333313 447.000000
454.111115 771.111084 446.111084
454.333344 772.000000 445.333313
454.777802 773.000000 444.777771
455.222198 774.000000 444.222229
455.777802 775.000000 443.777771
456.333344 776.000000 443.333313
457.000000 777.000000 443.000000
